../bin/animation
Torso
626
------------------------------------------
0.430136
0.855084
0.718365
0.874006
0.801179
0.36634
0.801179
0.193579
0.36634
0.946777
0.121502
0.0717265
0.36634
0.0506827
0.281873
0.121502
0.0717265
0.296646
0.657031
0.6243
0.392327
0.0510345
0.167642
0.279445
0.0506827
0.0237418
0.710509
0.167642
0.531821
0.193579
0.0506827
0.296646
0.0221668
0.0520731
0.167642
0.0221668
0.0506827
0.0237418
0.0510345
0.296646
0.016419
0.193579
0.279445
0.0510345
0.360673
0.296646
0.531821
0.167642
0.279445
0.366794
0.281873
0.121502
0.856474
0.126761
0.126761
0.36634
0.366794
0.368659
0.36634
0.856474
0.874006
0.380112
0.376953
0.43803
0.43803
0.376696
0.426172
0.0520731
0.016419
0.016419
0.0520731
0.0221668
0.426172
0.747735
0.43803
0.126761
0.747735
0.126761
0.856474
0.632321
0.137246
0.387055
0.632321
0.131233
0.105416
0.131233
0.105416
0.43803
0.856474
0.380112
0.444958
0.718365
0.632321
0.387055
0.420417
0.747735
0.632321
0.426172
0.444958
0.420417
0.137246
0.0218745
0.420417
0.105416
0.137246
0.043256
0.0218745
0.043256
0.0218745
0.043256
0.405617
0.44147
0.410439
0.368443
0.410439
0.376696
0.368443
0.376953
0.366794
0.366794
0.368504
0.368659
0.444958
0.376696
0.410439
0.380112
0.368659
0.368504
0.279445
0.405617
0.368443
0.392327
0.730267
0.710509
0.430136
0.410439
0.44147
0.392327
0.405617
0.360673
0.131233
0.718365
0.0992286
0.0992286
0.855084
0.0992286
0.718365
0.710509
0.561486
0.567272
0.392327
0.567272
0.442248
0.430136
0.561486
0.730267
0.442248
0.561486
0.44147
0.430136
0.855084
0.730267
0.801179
0.874019
0.36634
0.193579
0.801179
0.36634
0.946777
0.121489
0.874019
0.0506827
0.36634
0.389377
0.121489
0.0717265
0.296646
0.657031
0.193579
0.392327
0.0510346
0.360673
0.5128
0.0506827
0.389377
0.710509
0.167642
0.392327
0.193579
0.0506827
0.296646
0.0221668
0.167642
0.167642
0.0510346
0.0506827
0.0237418
0.0510346
0.0237418
0.016419
0.296646
0.193579
0.0510346
0.5128
0.360673
0.531821
0.296646
0.167642
0.366794
0.5128
0.389377
0.121489
0.856487
0.874019
0.126746
0.121489
0.36634
0.366794
0.389377
0.856487
0.36634
0.874019
0.376954
0.380114
0.438029
0.376695
0.438029
0.426172
0.0520731
0.016419
0.016419
0.0520731
0.0221668
0.0221668
0.426172
0.596778
0.416695
0.126746
0.253085
0.126746
0.596778
0.856487
0.168711
0.612397
0.416695
0.612397
0.105476
0.718219
0.105476
0.138344
0.438029
0.856487
0.596778
0.718219
0.444956
0.612397
0.253085
0.416695
0.596778
0.426172
0.612397
0.444956
0.253085
0.0230486
0.168711
0.253085
0.138344
0.168711
0.138344
0.0230486
0.0465297
0.0230486
0.0465297
0.406944
0.44147
0.442248
0.368444
0.41044
0.406944
0.376954
0.368444
0.366794
0.368506
0.366794
0.368661
0.444956
0.376695
0.426172
0.380114
0.368661
0.36634
0.5128
0.406944
0.360673
0.392327
0.730267
0.430136
0.430136
0.41044
0.444956
0.406944
0.392327
0.360673
0.105476
0.0992286
0.718219
0.0992286
0.105476
0.855084
0.718219
0.0992286
0.710509
0.561486
0.730267
0.567272
0.392327
0.442248
0.430136
0.561486
0.44147
0.561486
0.442248
0.44147
0.430136
0.730267
0.855084
0.874006
0.946777
0.801179
0.801179
0.657031
0.193579
0.946777
0.874006
0.121502
0.36634
0.193579
0.0506827
0.121502
0.296646
0.193579
0.657031
0.392327
0.360673
0.0510345
0.279445
0.281873
0.0506827
0.710509
0.392327
0.167642
0.193579
0.016419
0.296646
0.167642
0.0221668
0.167642
0.0510345
0.0506827
0.0510345
0.0237418
0.296646
0.0520731
0.016419
0.279445
0.0237418
0.0510345
0.296646
0.6243
0.531821
0.279445
0.368443
0.366794
0.121502
0.874006
0.856474
0.121502
0.126761
0.36634
0.281873
0.366794
0.36634
0.380112
0.856474
0.380112
0.368504
0.376953
0.43803
0.376953
0.376696
0.0520731
0.016419
0.0520731
0.0221668
0.0221668
0.426172
0.387055
0.747735
0.126761
0.420417
0.747735
0.420417
0.126761
0.632321
0.105416
0.137246
0.632321
0.718365
0.131233
0.131233
0.43803
0.747735
0.856474
0.444958
0.430136
0.718365
0.387055
0.137246
0.420417
0.632321
0.387055
0.426172
0.420417
0.0218745
0.137246
0.043256
0.0218745
0.105416
0.137246
0.105416
0.0218745
0.043256
0.043256
0.405617
0.442248
0.44147
0.368443
0.405617
0.410439
0.368443
0.376696
0.376953
0.366794
0.376953
0.368504
0.444958
0.426172
0.376696
0.380112
0.36634
0.368659
0.279445
0.360673
0.405617
0.392327
0.430136
0.730267
0.430136
0.444958
0.410439
0.392327
0.442248
0.405617
0.131233
0.0992286
0.710509
0.730267
0.561486
0.392327
0.710509
0.567272
0.430136
0.44147
0.561486
0.442248
0.567272
0.561486
0.430136
0.718219
0.855084
0.801179
0.946777
0.874019
0.193579
0.657031
0.801179
0.946777
0.0717265
0.121489
0.0506827
0.193579
0.36634
0.121489
0.296646
0.6243
0.657031
0.392327
0.167642
0.0510346
0.5128
0.0237418
0.0506827
0.710509
0.531821
0.167642
0.016419
0.193579
0.296646
0.0520731
0.0221668
0.167642
0.0221668
0.0506827
0.0510346
0.016419
0.0520731
0.296646
0.0510346
0.0237418
0.5128
0.531821
0.6243
0.296646
0.366794
0.368444
0.5128
0.121489
0.126746
0.856487
0.126746
0.36634
0.368661
0.366794
0.856487
0.380114
0.36634
0.376954
0.368506
0.380114
0.376695
0.376954
0.438029
0.0520731
0.016419
0.0520731
0.0221668
0.426172
0.438029
0.596778
0.126746
0.126746
0.253085
0.596778
0.168711
0.138344
0.612397
0.612397
0.138344
0.105476
0.105476
0.438029
0.380114
0.856487
0.718219
0.430136
0.444956
0.253085
0.168711
0.416695
0.426172
0.416695
0.612397
0.0230486
0.253085
0.0230486
0.0465297
0.168711
0.138344
0.168711
0.0465297
0.0230486
0.0465297
0.0465297
0.406944
0.41044
0.44147
0.368444
0.376695
0.41044
0.376954
0.376695
0.368444
0.368506
0.376954
0.366794
0.444956
0.41044
0.376695
0.380114
0.368506
0.368661
0.5128
0.368444
0.406944
0.392327
0.710509
0.730267
0.430136
0.44147
0.41044
0.406944
0.442248
0.392327
0.0992286
0.710509
0.567272
0.561486
0.567272
0.710509
0.392327
0.430136
0.730267
0.561486
0.561486
0.567272
0.442248
Chest
682
------------------------------------------
0.0175025
0.0128651
0.0385361
0.0349916
0.0230148
0.0114721
0.0917604
0.0370415
0.0701931
0.0370415
0.0175025
0.0701931
0.0175025
0.0779856
0.0701931
0.0779856
0.0385361
0.103321
0.103321
0.0114721
0.0230148
0.0230148
0.137044
0.103321
0.47433
0.122849
0.156443
0.0603428
0.0893992
0.0672319
0.524707
0.41732
0.475892
0.0532234
0.878498
0.855286
0.878498
0.817977
0.855286
0.47433
0.180913
0.513532
0.727394
0.180913
0.235396
0.413188
0.122849
0.422594
0.41732
0.422594
0.475892
0.817977
0.513532
0.727394
0.486677
0.513532
0.792357
0.486677
0.422594
0.47433
0.235396
0.103321
0.137044
0.180913
0.0779856
0.103321
0.0779856
0.122849
0.0701931
0.0917604
0.122849
0.151503
0.0055272
0.878498
0.068388
0.873239
0.792357
0.873239
0.805604
0.792357
0.497214
0.486677
0.0055272
0.068388
0.0672319
0.486677
0.524707
0.475892
0.00972301
0.0369453
0.0369453
0.0184612
0.0567864
0.0567864
0.134556
0.0369453
0.873239
1
0.805604
0.134556
0.873239
0.068388
0.139062
0.107083
0.225086
0.139062
0.84318
0.248677
0.84318
0.64573
0.248677
0.0369453
0.068388
0.036069
0.0893992
0.139062
0.497214
1
0.181295
0.64573
0.497214
0.181295
0.225086
0.579583
0.134556
0.139062
0.0567864
0.036069
0.579583
1
0.181295
0.64573
0.107083
0.0444567
0.579583
0.248677
0.037044
0.181295
0.107083
0.037044
0.0240073
0.0444567
0.0240073
0.0444567
0.037044
0.0240073
0.00168329
0.00578719
0.0123085
0.00578719
0.0184612
0.0123085
0.00972301
0.0055272
0.0055272
0.036069
0.0184612
0.00578719
0.00168329
0.0123085
0.00578719
0.00168329
0.84318
0.0893992
0.83618
0.524707
0.83618
0.39739
0.0603428
0.83618
0.0893992
0.0139995
0.00759911
0.0139995
0.037701
0.032438
0.037701
0.0228947
0.0110379
0.0228947
0.0345357
0.0917604
0.0694152
0.0139995
0.0345357
0.0694152
0.0785846
0.0139995
0.0694152
0.037701
0.0785846
0.105287
0.105287
0.0110379
0.037701
0.137044
0.0228947
0.105287
0.490275
0.122308
0.423079
0.0603428
0.0672387
0.41732
0.447315
0.476317
0.0532234
0.878511
0.0672387
0.817977
0.878511
0.855286
0.180607
0.490275
0.661353
0.727394
0.180607
0.661353
0.122308
0.413188
0.423079
0.423079
0.41732
0.476317
0.817977
0.661353
0.791984
0.661353
0.448732
0.791984
0.448732
0.423079
0.476317
0.105287
0.235396
0.137044
0.0785846
0.180607
0.105287
0.0785846
0.122308
0.170141
0.0917604
0.122308
0.0694152
0.00553197
0.878511
0.0683956
0.0672387
0.791984
0.873254
0.878511
0.381182
0.791984
0.448732
0.00553197
0.0683956
0.0672387
0.447315
0.448732
0.476317
0.00972819
0.0369528
0.0184665
0.0369528
0.0567906
0.0567906
0.107405
0.242333
0.873254
0.31818
0.349038
0.873254
0.107405
0.0683956
0.13165
0.134692
0.242333
0.134692
0.677826
0.0893878
0.696455
0.677826
0.32644
0.0369528
0.0683956
0.107405
0.0893878
0.0360762
0.134692
0.31818
0.381182
0.329944
0.696455
0.381182
0.447315
0.349038
0.242333
0.107405
0.0567906
0.134692
0.0360762
0.349038
0.31818
0.329944
0.696455
0.0468982
0.13165
0.349038
0.32644
0.696455
0.329944
0.31818
0.13165
0.0375308
0.32644
0.0468982
0.0258368
0.0468982
0.0375308
0.0258368
0.0375308
0.00169289
0.0123134
0.0057916
0.00169289
0.00972819
0.0123134
0.00553197
0.00553197
0.0360762
0.0184665
0.0567906
0.00169289
0.0057916
0.0360762
0.00169289
0.677826
0.83618
0.0893878
0.447315
0.83618
0.677826
0.0603428
0.0893878
0.83618
0.0349916
0.0175025
0.0175025
0.0128651
0.0114721
0.0385361
0.0385361
0.0349916
0.024005
0.0230148
0.0230148
0.0114721
0.0917604
0.0533266
0.0370415
0.0370415
0.0128651
0.0175025
0.0175025
0.0349916
0.0779856
0.0779856
0.0349916
0.0385361
0.103321
0.0385361
0.0114721
0.0230148
0.024005
0.137044
0.47433
0.422594
0.122849
0.0603428
0.0672319
0.0532234
0.524707
0.39739
0.41732
0.0532234
0.0672319
0.878498
0.878498
0.792357
0.817977
0.47433
0.156443
0.180913
0.727394
0.513532
0.180913
0.413188
0.151503
0.122849
0.41732
0.413188
0.422594
0.817977
0.792357
0.513532
0.486677
0.47433
0.513532
0.486677
0.475892
0.422594
0.235396
0.180913
0.103321
0.180913
0.156443
0.0779856
0.0779856
0.156443
0.122849
0.0917604
0.0701931
0.122849
0.0123085
0.0055272
0.878498
0.0672319
0.068388
0.792357
0.878498
0.873239
0.792357
0.805604
0.497214
0.0055272
0.068388
0.486677
0.497214
0.524707
0.00972301
0.0369453
0.00972301
0.0184612
0.0567864
0.225086
0.134556
0.873239
0.579583
1
0.134556
0.579583
0.873239
0.139062
0.248677
0.107083
0.139062
0.0893992
0.84318
0.84318
0.524707
0.64573
0.0369453
0.134556
0.068388
0.036069
0.0893992
0.497214
0.805604
1
0.64573
0.524707
0.497214
0.225086
0.107083
0.579583
0.139062
0.225086
0.0567864
0.579583
0.0444567
0.181295
0.107083
0.0240073
0.0444567
0.248677
0.64573
0.181295
1
0.107083
0.248677
0.037044
0.0444567
0.0240073
0.037044
0.0240073
0.037044
0.00168329
0.0123085
0.00168329
0.00578719
0.0123085
0.0184612
0.00972301
0.0055272
0.00972301
0.036069
0.0567864
0.0184612
0.00168329
0.036069
0.00578719
0.00168329
0.524707
0.84318
0.83618
0.0139995
0.032438
0.00759911
0.037701
0.0110379
0.032438
0.0228947
0.024005
0.0110379
0.0345357
0.0533266
0.0917604
0.0139995
0.00759911
0.0345357
0.0785846
0.032438
0.0139995
0.037701
0.032438
0.0785846
0.105287
0.0228947
0.0110379
0.137044
0.024005
0.0228947
0.490275
0.170141
0.122308
0.0893878
0.0603428
0.0532234
0.0672387
0.41732
0.39739
0.447315
0.0532234
0.855286
0.878511
0.817977
0.791984
0.878511
0.180607
0.170141
0.490275
0.727394
0.235396
0.180607
0.122308
0.151503
0.413188
0.423079
0.413188
0.41732
0.817977
0.727394
0.661353
0.661353
0.490275
0.448732
0.448732
0.490275
0.423079
0.105287
0.180607
0.235396
0.0785846
0.170141
0.180607
0.0785846
0.0694152
0.122308
0.0917604
0.151503
0.122308
0.00553197
0.0123134
0.878511
0.873254
0.0683956
0.791984
0.805322
0.873254
0.381182
0.805322
0.791984
0.00553197
0.0683956
0.447315
0.381182
0.448732
0.00972819
0.0184665
0.00972819
0.0369528
0.0567906
0.0369528
0.107405
0.873254
0.805322
0.31818
0.873254
0.349038
0.107405
0.13165
0.32644
0.134692
0.134692
0.32644
0.677826
0.696455
0.447315
0.677826
0.0369528
0.0683956
0.0893878
0.0360762
0.31818
0.805322
0.381182
0.696455
0.329944
0.381182
0.349038
0.13165
0.242333
0.0567906
0.242333
0.134692
0.0468982
0.349038
0.329944
0.0468982
0.0258368
0.13165
0.32644
0.0375308
0.329944
0.13165
0.0258368
0.0375308
0.0468982
0.0258368
0.0375308
0.0258368
0.00169289
0.0057916
0.0123134
0.0184665
0.0057916
0.00972819
0.0184665
0.0123134
0.00972819
0.00553197
0.0360762
0.0057916
0.0184665
0.0123134
0.00169289
0.0057916
0.00169289
0.447315
0.39739
0.83618
Neck
477
------------------------------------------
0.0622981
0.025457
0.0590063
0.0590063
0.122294
0.0622981
0.0622981
0.116903
0.0890082
0.0104558
0.0590063
0.0104558
0.0553913
0.0553913
0.00638807
0.0651496
0.0651496
0.135772
0.0553913
0.0553913
0.137709
0.0590063
0.0755158
0.0240579
0.0886677
0.0886677
0.294239
0.0755158
0.0755158
0.143325
0.0651496
0.0651496
0.0117735
0.0755158
0.0240579
0.0117735
0.0117735
0.330858
0.163524
0.267226
0.163524
0.122294
0.267226
0.122294
0.234258
0.267226
0.234258
0.135772
0.244061
0.244061
0.143325
0.294239
0.294239
0.287369
0.244061
0.333497
0.491609
0.442839
0.308603
0.317404
0.368667
0.0413158
0.333497
0.403857
0.153154
0.133025
0.403857
0.424764
0.468608
0.491609
0.464107
0.317404
0.464107
0.368667
0.0413158
0.153154
0.133025
0.346008
0.153154
0.131069
0.346008
0.464107
0.333497
0.424764
0.244061
0.287369
0.403857
0.234258
0.244061
0.234258
0.491609
0.267226
0.330858
0.491609
0.538612
0.131069
0.133837
0.131069
0.340402
0.346008
0.346008
0.308603
0.368667
0.133837
0.283341
0.340402
0.0624794
0.283341
0.340402
0.0624794
0.0624794
0.283341
0.0624794
0.00407201
0.308603
0.00407201
0.221229
0.00407201
0.0548832
0.00786167
0.0284845
0.118063
0.0541779
0.0548832
0.0548832
0.108769
0.118063
0.0284845
0.0638132
0.0548832
0.00786167
0.000450624
0.000450624
0.000450624
0.0541779
0.0533569
0.0533569
0.00240409
0.000450624
0.135515
0.064212
0.0533569
0.0533569
0.137339
0.135515
0.0751976
0.0240579
0.0102327
0.294193
0.0886677
0.0751976
0.0751976
0.143069
0.294193
0.0102327
0.064212
0.0751976
0.0240579
0.0102327
0.160171
0.330858
0.267122
0.118063
0.160171
0.267122
0.24301
0.118063
0.267122
0.135515
0.24301
0.249114
0.249114
0.143069
0.135515
0.287369
0.294193
0.249114
0.325923
0.494766
0.463045
0.317404
0.261852
0.367774
0.0413158
0.405194
0.325923
0.194585
0.133025
0.405194
0.194585
0.494766
0.468608
0.463045
0.463045
0.317404
0.367774
0.0413158
0.194585
0.13128
0.194585
0.307306
0.13128
0.307306
0.463045
0.367774
0.249114
0.424764
0.287369
0.24301
0.405194
0.249114
0.24301
0.494766
0.500632
0.330858
0.494766
0.267122
0.13128
0.25198
0.13128
0.307306
0.261852
0.307306
0.367774
0.303545
0.25198
0.109477
0.303545
0.25198
0.261852
0.109477
0.303545
0.303545
0.109477
0.00407201
0.261852
0.00407201
0.00407201
0.0622981
0.0404524
0.025457
0.0590063
0.137709
0.122294
0.0622981
0.122294
0.116903
0.00638807
0.0104558
0.0590063
0.025457
0.0104558
0.0553913
0.0104558
0.00638807
0.0651496
0.143325
0.135772
0.0553913
0.135772
0.137709
0.0755158
0.0117735
0.0240579
0.0886677
0.332317
0.294239
0.0755158
0.294239
0.143325
0.0651496
0.00638807
0.0117735
0.0240579
0.0117735
0.00638807
0.330858
0.19501
0.163524
0.163524
0.116903
0.122294
0.122294
0.137709
0.234258
0.234258
0.137709
0.135772
0.244061
0.135772
0.143325
0.294239
0.332317
0.287369
0.333497
0.464107
0.491609
0.308603
0.221229
0.317404
0.131069
0.0413158
0.333497
0.442839
0.403857
0.133025
0.153154
0.403857
0.468608
0.538612
0.491609
0.317404
0.468608
0.464107
0.0413158
0.131069
0.153154
0.346008
0.333497
0.153154
0.346008
0.368667
0.464107
0.424764
0.403857
0.244061
0.403857
0.442839
0.234258
0.234258
0.442839
0.491609
0.330858
0.267226
0.491609
0.131069
0.131069
0.133837
0.340402
0.346008
0.340402
0.308603
0.308603
0.283341
0.340402
0.133837
0.283341
0.308603
0.340402
0.0624794
0.283341
0.0624794
0.308603
0.00407201
0.0548832
0.0541779
0.00786167
0.118063
0.137339
0.0541779
0.0548832
0.0638132
0.108769
0.0284845
0.0446268
0.0638132
0.00786167
0.000450624
0.00240409
0.000450624
0.00786167
0.0541779
0.0533569
0.064212
0.00240409
0.135515
0.143069
0.064212
0.0533569
0.0541779
0.137339
0.0751976
0.0886677
0.0240579
0.294193
0.332317
0.0886677
0.0751976
0.064212
0.143069
0.0102327
0.00240409
0.064212
0.0102327
0.0240579
0.00240409
0.0102327
0.160171
0.19501
0.330858
0.118063
0.108769
0.160171
0.24301
0.137339
0.118063
0.135515
0.137339
0.24301
0.249114
0.294193
0.143069
0.287369
0.332317
0.294193
0.325923
0.500632
0.494766
0.317404
0.221229
0.261852
0.0413158
0.13128
0.405194
0.500632
0.325923
0.133025
0.424764
0.405194
0.494766
0.538612
0.468608
0.463045
0.468608
0.317404
0.0413158
0.133025
0.194585
0.194585
0.325923
0.307306
0.307306
0.325923
0.463045
0.249114
0.405194
0.424764
0.24301
0.500632
0.405194
0.24301
0.267122
0.494766
0.330858
0.538612
0.494766
0.13128
0.133991
0.25198
0.133991
0.13128
0.261852
0.25198
0.307306
0.133991
0.303545
0.261852
0.133991
0.25198
0.303545
0.109477
0.25198
0.109477
0.109477
0.261852
0.221229
0.00407201
Head
1642
------------------------------------------
1
1
1
1
1
1
1
1
1
1
1
1
1
1
1
1
1
1
1
1
1
1
1
1
1
1
1
1
1
1
1
1
1
1
1
1
1
1
1
1
1
1
1
1
1
1
1
1
1
1
1
1
1
1
1
1
1
1
1
1
1
1
1
1
1
1
1
1
1
1
1
1
1
1
1
1
1
1
1
1
1
1
1
1
1
1
1
1
1
1
1
1
1
1
1
1
1
1
1
1
1
1
1
1
1
1
1
1
1
1
1
1
1
1
1
1
1
1
1
1
1
1
1
1
1
1
1
1
1
1
1
1
1
1
1
1
1
1
1
1
1
1
1
1
1
1
1
1
1
1
1
1
1
1
1
1
1
1
1
1
1
1
1
1
1
1
1
1
1
1
1
1
1
1
1
1
1
1
1
1
1
1
1
1
1
1
1
1
1
1
1
1
1
1
1
1
1
1
1
1
1
1
1
1
1
1
1
1
1
1
1
1
1
1
1
1
1
1
1
1
1
1
1
1
1
1
1
1
1
1
1
1
1
1
1
1
1
1
1
1
1
1
1
1
1
1
1
1
1
1
1
1
1
1
1
1
1
1
1
1
1
1
1
1
1
1
1
1
1
1
1
1
1
1
1
1
1
1
1
1
1
1
1
1
1
1
1
1
1
1
1
1
1
1
1
1
1
1
1
1
1
1
1
1
1
1
1
1
1
1
1
1
1
1
1
1
1
1
1
1
1
1
1
1
1
1
1
1
1
1
1
1
1
1
1
1
1
1
1
1
1
1
1
1
1
1
1
1
1
1
1
1
1
1
1
1
1
1
1
1
1
1
1
1
1
1
1
1
1
1
1
1
1
1
1
1
1
1
1
1
1
1
1
1
0.937702
0.974543
0.940994
0.940994
0.860203
0.937702
0.937702
0.870232
0.910992
1
0.989544
1
0.940994
0.989544
0.944609
0.944609
0.993612
0.934851
0.934851
0.825692
0.944609
0.944609
0.827299
0.940994
0.924484
0.975942
0.911332
0.911332
0.682746
0.924484
0.924484
0.845202
0.934851
0.934851
0.988226
0.924484
1
0.975942
0.988226
0.988226
1
1
0.577382
0.799434
0.652583
0.799434
0.860203
0.652583
0.860203
0.643583
0.652583
0.643583
0.825692
0.633179
0.633179
0.845202
0.682746
0.682746
0.575587
0.633179
0.192173
0.324563
0.294175
0.0636252
0.060213
0.089781
0.0196469
0.192173
0.332942
0.113766
0.105107
0.332942
0.33984
0.0799091
0.324563
0.113299
0.060213
0.113299
0.089781
0.0196469
0.113766
0.105107
0.167315
0.113766
0.0765737
0.167315
0.113299
0.192173
0.33984
0.633179
0.575587
0.332942
0.643583
0.633179
0.643583
0.324563
0.652583
0.577382
0.324563
0.309885
0.0765737
0.0605591
0.0765737
0.162384
0.167315
0.167315
0.0636252
0.089781
0.0605591
0.162384
0.162384
0.0636252
0.0414345
0.945117
0.992138
0.971515
0.867937
0.945822
0.945117
0.945117
0.883632
0.867937
0.971515
0.936187
0.945117
1
0.992138
0.999549
0.999549
1
1
0.999549
0.945822
0.946643
0.946643
0.997596
0.999549
0.826784
0.935788
0.946643
0.946643
0.830223
0.826784
0.924802
0.975942
0.989767
0.682912
0.911332
0.924802
0.924802
0.845893
0.682912
0.989767
0.935788
0.924802
1
0.975942
1
1
0.989767
1
0.805293
0.577382
0.654729
0.867937
0.805293
0.654729
0.665024
0.867937
0.654729
0.826784
0.665024
0.645598
0.645598
0.845893
0.826784
0.575587
0.682912
0.645598
0.183802
0.326484
0.113876
0.060213
0.0540373
0.0900226
0.0196469
0.333014
0.183802
0.144063
0.105107
0.333014
0.144063
0.326484
0.0799091
0.113876
0.113876
0.060213
0.0900226
0.0196469
0.144063
0.0767351
0.144063
0.147217
0.0767351
0.147217
0.113876
0.0900226
0.645598
0.33984
0.575587
0.665024
0.333014
0.645598
0.665024
0.326484
0.329228
0.577382
0.326484
0.654729
0.0767351
0.119112
0.0767351
0.147217
0.0540373
0.147217
0.0900226
0.119112
0.119112
0.0540373
0.0540373
1
1
1
1
1
1
1
1
1
1
1
1
1
1
1
1
1
1
1
1
1
1
1
1
1
1
1
1
1
1
1
1
1
1
1
1
1
1
1
1
1
1
1
1
1
1
1
1
1
1
1
1
1
1
1
1
1
1
1
1
1
1
1
1
1
1
1
1
1
1
1
1
1
1
1
1
1
1
1
1
1
1
1
1
1
1
1
1
1
1
1
1
1
1
1
1
1
1
1
1
1
1
1
1
1
1
1
1
1
1
1
1
1
1
1
1
1
1
1
1
1
1
1
1
1
1
1
1
1
1
1
1
1
1
1
1
1
1
1
1
1
1
1
1
1
1
1
1
1
1
1
1
1
1
1
1
1
1
1
1
1
1
1
1
1
1
1
1
1
1
1
1
1
1
1
1
1
1
1
1
1
1
1
1
1
1
1
1
1
1
1
1
1
1
1
1
1
1
1
1
1
1
1
1
1
1
1
1
1
1
1
1
1
1
1
1
1
1
1
1
1
1
1
1
1
1
1
1
1
1
1
1
1
1
1
1
1
1
1
1
1
1
1
1
1
1
1
1
1
1
1
1
1
1
1
1
1
1
1
1
1
1
1
1
1
1
1
1
1
1
1
1
1
1
1
1
1
1
1
1
1
1
1
1
1
1
1
1
1
1
1
1
1
1
1
1
1
1
1
1
1
1
1
1
1
1
1
1
1
1
1
1
1
1
1
1
1
1
1
1
1
1
1
1
1
1
1
1
1
1
1
1
1
1
1
1
1
1
1
1
1
1
1
1
1
1
1
1
1
1
1
1
1
1
1
1
1
1
1
1
1
1
1
1
1
1
1
1
1
1
1
1
1
1
1
1
1
1
1
1
1
1
1
1
1
1
1
1
1
1
1
1
1
1
1
1
1
1
1
1
1
1
1
1
1
1
1
1
1
1
1
1
1
1
1
1
1
1
1
1
1
1
1
1
1
1
1
1
1
1
1
1
1
1
1
1
1
1
1
1
1
1
1
1
1
1
1
1
1
1
1
1
1
1
1
1
1
1
1
1
1
1
1
1
1
1
1
1
1
1
1
1
1
1
1
1
1
1
1
1
1
1
1
1
1
1
1
1
1
1
1
1
1
1
1
1
1
1
1
1
1
1
1
1
1
1
1
1
1
1
1
1
1
1
1
1
1
1
1
1
1
1
1
1
1
1
1
1
1
1
1
1
1
1
1
1
1
1
1
1
1
1
1
1
1
1
1
1
1
1
1
1
1
1
1
1
1
1
1
1
1
1
1
1
1
1
1
1
1
1
1
1
1
1
1
1
1
1
1
1
1
1
1
1
1
1
1
1
1
1
1
1
1
1
1
1
1
1
1
1
1
1
1
1
1
1
1
1
1
1
1
1
0.937702
0.959548
0.974543
0.940994
0.827299
0.860203
0.937702
0.860203
0.870232
1
0.993612
0.989544
0.940994
0.974543
0.989544
0.944609
0.989544
0.993612
0.934851
0.845202
0.825692
0.944609
0.825692
0.827299
0.924484
0.988226
0.975942
0.911332
0.643678
0.682746
0.924484
0.682746
0.845202
0.934851
0.993612
0.988226
1
1
0.975942
0.988226
0.993612
1
0.577382
0.751663
0.799434
0.799434
0.870232
0.860203
0.860203
0.827299
0.643583
0.643583
0.827299
0.825692
0.633179
0.825692
0.845202
0.682746
0.643678
0.575587
0.192173
0.113299
0.324563
0.0636252
0.0414345
0.060213
0.0765737
0.0196469
0.192173
0.294175
0.332942
0.105107
0.113766
0.332942
0.0799091
0.309885
0.324563
0.060213
0.0799091
0.113299
0.0196469
0.0765737
0.113766
0.167315
0.192173
0.113766
0.167315
0.089781
0.113299
0.33984
0.332942
0.633179
0.332942
0.294175
0.643583
0.643583
0.294175
0.324563
0.577382
0.652583
0.324563
0.0765737
0.0765737
0.0605591
0.162384
0.167315
0.162384
0.0636252
0.0636252
0.162384
0.0605591
0.0636252
0.162384
0.0636252
0.945117
0.945822
0.992138
0.867937
0.830223
0.945822
0.945117
0.936187
0.883632
0.971515
0.955373
0.936187
1
1
0.992138
0.999549
0.997596
1
0.999549
0.992138
0.945822
0.946643
0.935788
0.997596
0.826784
0.845893
0.935788
0.946643
0.945822
0.830223
0.924802
0.911332
0.975942
0.682912
0.643678
0.911332
0.924802
0.935788
0.845893
0.989767
0.997596
0.935788
1
0.989767
0.975942
1
0.997596
0.989767
0.805293
0.751663
0.577382
0.867937
0.883632
0.805293
0.665024
0.830223
0.867937
0.826784
0.830223
0.665024
0.645598
0.682912
0.845893
0.575587
0.643678
0.682912
0.183802
0.329228
0.326484
0.060213
0.0414345
0.0540373
0.0196469
0.0767351
0.333014
0.329228
0.183802
0.105107
0.33984
0.333014
0.326484
0.309885
0.0799091
0.113876
0.0799091
0.060213
0.0196469
0.105107
0.144063
0.144063
0.183802
0.147217
0.147217
0.183802
0.113876
0.645598
0.333014
0.33984
0.665024
0.329228
0.333014
0.665024
0.654729
0.326484
0.577382
0.309885
0.326484
0.0767351
0.0606878
0.119112
0.0606878
0.0767351
0.0540373
0.119112
0.147217
0.0606878
0.0540373
0.0606878
0.119112
0.119112
0.0540373
0.0414345
1
1
1
1
1
1
1
1
1
1
1
1
1
1
1
1
1
1
1
1
1
1
1
1
1
1
1
1
1
1
1
1
1
1
1
1
1
1
1
1
1
1
1
1
1
1
1
1
1
1
1
1
1
1
1
1
1
1
1
1
1
1
1
1
1
1
1
1
1
1
1
1
1
1
1
1
1
1
1
1
1
1
1
1
1
1
1
1
1
1
1
1
1
1
1
1
1
1
1
1
1
1
1
1
1
1
1
1
1
1
1
1
1
1
1
1
1
1
1
1
1
1
1
1
1
1
1
1
1
1
1
1
1
1
1
1
1
1
1
1
1
1
1
1
1
1
1
1
1
1
1
1
1
1
1
1
1
1
1
1
1
1
1
1
1
1
1
1
1
1
1
1
1
1
1
1
1
1
1
1
Upper_Arm_L
416
------------------------------------------
0.00999838
0.00999838
0.0441734
0.00999838
0.0441734
0.0194385
0.0194385
0.0194385
0.0609785
0.106542
0.00629425
0.10797
0.0101764
0.0866045
0.0376181
0.0606316
0.0376181
0.0822878
0.219548
0.0174422
0.0822878
0.0192242
0.0609785
0.0866045
0.0606316
0.219548
0.0174422
0.219548
0.0194385
0.0822878
0.0441734
0.0194385
0.0441734
0.0609785
0.00999838
0.0609785
0.0328965
0.0210894
0.0328965
0.00537533
0.0210894
0.0101764
0.00423378
0.0396371
0.0680168
0.0680168
0.054498
0.0933541
0.0933541
0.0544368
0.0680168
0.0544368
0.0210894
0.186715
0.75567
0.35737
0.186715
0.645907
0.0709287
0.645907
0.0680168
0.0210894
0.00423378
0.0697089
0.10797
0.186715
0.756225
0.0709287
0.756225
0.35737
0.0544368
0.186715
0.0933541
0.0697089
0.721428
0.537519
0.412528
0.838291
0.680015
0.372349
0.84785
0.51321
0.537519
0.721428
0.661706
0.862753
0.838291
0.51321
0.875822
0.862753
0.680015
0.901985
1
0.756225
1
0.0709287
0.75567
0.933669
0.645907
1
0.962956
0.756225
1
1
0.75567
0.962956
0.932737
0.933669
1
1
1
1
1
0.932737
1
0.933669
0.962956
1
1
1
1
1
0.932737
1
0.974121
0.129168
0.116559
0.139745
0.154959
0.129168
0.197969
0.116559
0.139745
0.191799
1
0.901985
1
1
0.875822
1
0.974121
0.862753
1
1
0.875822
0.84785
1
0.901985
0.838291
0.974121
0.84785
0.721428
0.680015
0.197969
0.191799
0.372349
0.139745
0.51321
0.661706
0.129168
0.197969
0.51321
0.154959
0.537519
0.680015
0.116559
0.372349
0.412528
0.154959
0.129168
0.0245288
0.0315272
0.0461812
0.0315272
0.054498
0.0461812
0.0396371
0.0328965
0.0328965
0.0053646
0.00537533
0.0697089
0.054498
0.0315272
0.00423378
0.00537533
0.0053646
0.0245288
0.0461812
0.0315272
0.0245288
0.10797
0.170075
0.00629425
0.10797
0.00629425
0.0866045
0.087737
0.0658865
0.0606316
0.0376181
0.0174422
0.0192242
0.0866045
0.0658865
0.0606316
0.0658865
0.087737
0.0658865
0.0206136
0.0206136
0.087737
0.0206136
0.087737
0.0206136
0.00629425
0.0441734
0.0441734
0.0194385
0.0609785
0.00629425
0.0101764
0.170075
0.0866045
0.0101764
0.0606316
0.106542
0.0822878
0.0174422
0.219548
0.0822878
0.0192242
0.0609785
0.0866045
0.0192242
0.0606316
0.219548
0.219548
0.0822878
0.0194385
0.0822878
0.106542
0.0441734
0.0441734
0.106542
0.0609785
0.00999838
0.0609785
0.0461812
0.0328965
0.0101764
0.0210894
0.0328965
0.00423378
0.0210894
0.00423378
0.0053646
0.0396371
0.0680168
0.0396371
0.054498
0.0933541
0.35737
0.0544368
0.0544368
0.186715
0.645907
0.75567
0.186715
0.10797
0.0709287
0.0680168
0.0544368
0.0210894
0.0697089
0.10797
0.0709287
0.35737
0.75567
0.186715
0.35737
0.0933541
0.721428
0.84785
0.537519
0.838291
0.901985
0.680015
0.84785
0.875822
0.51321
0.721428
0.412528
0.661706
0.838291
0.372349
0.51321
0.862753
0.661706
0.680015
0.933669
1
0.756225
1
1
0.75567
0.932737
0.933669
0.645907
0.0709287
1
0.756225
1
0.75567
0.645907
0.962956
0.933669
1
1
1
1
1
0.932737
0.974121
1
0.962956
1
1
1
1
1
0.932737
0.962956
1
0.129168
0.154959
0.116559
0.191799
0.139745
0.129168
0.116559
0.191799
0.197969
1
0.862753
0.901985
1
0.838291
0.875822
0.974121
0.721428
0.862753
1
1
0.875822
1
1
0.901985
0.974121
1
0.84785
0.680015
0.661706
0.197969
0.372349
0.116559
0.139745
0.661706
0.412528
0.129168
0.51321
0.139745
0.154959
0.680015
0.191799
0.116559
0.412528
0.537519
0.154959
0.0245288
0.0461812
0.0245288
0.0315272
0.0461812
0.054498
0.0396371
0.0328965
0.0396371
0.0053646
0.0697089
0.0933541
0.054498
0.00423378
0.00537533
0.0245288
0.0697089
0.0315272
0.0245288
0.00629425
0.0866045
0.170075
0.087737
0.0376181
0.0606316
0.0174422
0.0192242
0.0192242
0.0866045
0.0606316
0.0174422
0.087737
0.0206136
0.087737
0.0206136
0.087737
0.170075
Lower_Arm_L
454
------------------------------------------
0.0963547
0.0952537
0.0937033
0.10221
0.10221
0.00206953
0.0963547
0.187302
0.0794861
0.00206953
0.0611073
0.0952537
0.0937033
0.642313
0.0937033
0.55577
0.0963547
0.026039
0.00206953
0.149408
0.367858
0.367858
0.10221
0.00206953
0.55577
0.10221
0.776728
0.642313
0.0963547
0.0952537
0.171765
0.0609818
0.0555454
0.0120373
0.0561138
0.0611073
0.0609818
0.149408
0.0794861
0.0593817
0.0577848
0.723251
0.149408
0.171765
0.723251
0.187302
0.75146
0.026039
0.0120373
0.0589809
0.0561138
0.0662281
0.0589809
0.05942
0.0577848
0.0555454
0.0577848
0.0593817
0.0555454
0.0512643
0.0589809
0.0611073
0.0561138
0.0512643
0.026039
0.0577848
0.05942
0.0120373
0.05942
0.0662281
0.171765
0.0593817
0.187302
0.642313
0.641412
0.661024
0.367858
0.797409
0.579993
0.55577
0.785829
0.641412
0.75146
0.797409
0.723251
0.642313
0.782475
0.75146
0.367858
0.785829
0.776728
0.579993
0.81694
0.785829
0.498005
0.693605
0.487215
0.782475
0.84961
0.797409
0.498005
0.851054
0.873215
0.661024
0.693362
0.657796
0.940713
0.942913
0.907626
0.278572
0.462481
0.587472
0.161709
0.319986
0.627652
0.15215
0.48679
0.462481
0.278572
0.338294
0.137247
0.161709
0.48679
0.124178
0.137247
0.319986
0.098015
0.0258787
0.870831
1
1
0.883441
1
0.941359
0.860255
1
0.845041
0.870831
1
0.802031
0.883441
1
0.860255
0.808201
1
1
0.098015
0.124178
0.0258787
0.137247
0.124178
0.15215
0.098015
0.161709
0.0258787
0.15215
0.278572
0.319986
0.802031
0.808201
0.627652
0.860255
0.48679
0.338294
0.870831
0.802031
0.48679
0.845041
0.462481
0.319986
0.883441
0.627652
0.587472
0.845041
0.870831
1
0.983989
0.940713
0.941359
0.794587
0.498005
1
0.983989
1
1
0.946664
1
0.941359
0.873215
1
1
0.946664
0.794587
0.693605
0.84961
0.796003
0.487215
0.693362
0.851054
0.932253
0.690539
0.84961
0.851054
0.81694
0.942913
0.487215
0.796003
0.657796
0.907626
0.81694
0.690539
0.794587
0.932253
0.693605
0.641412
0.81694
0.693362
0.873215
0.942913
0.983989
0.797409
0.690539
0.579993
0.940713
0.932253
0.946664
0.782475
0.657796
0.796003
0.0963547
0.0937033
0.10221
0.0963547
0.75146
0.187302
0.00206953
0.0952537
0.642313
0.0952537
0.0937033
0.0963547
0.0794861
0.026039
0.00206953
0.0611073
0.149408
0.367858
0.776728
0.10221
0.55577
0.0937033
0.10221
0.642313
0.75146
0.0963547
0.171765
0.149408
0.0609818
0.0120373
0.0662281
0.0561138
0.0611073
0.0512643
0.0609818
0.0794861
0.187302
0.0593817
0.723251
0.367858
0.149408
0.723251
0.171765
0.187302
0.0120373
0.026039
0.0589809
0.0512643
0.0561138
0.0589809
0.0662281
0.05942
0.0555454
0.0589809
0.0577848
0.0555454
0.0609818
0.0512643
0.0611073
0.0561138
0.026039
0.0794861
0.0577848
0.0120373
0.026039
0.05942
0.171765
0.0555454
0.0593817
0.642313
0.55577
0.641412
0.367858
0.723251
0.797409
0.55577
0.776728
0.785829
0.75146
0.782475
0.797409
0.642313
0.661024
0.782475
0.367858
0.579993
0.785829
0.579993
0.690539
0.81694
0.498005
0.794587
0.693605
0.782475
0.796003
0.84961
0.498005
0.487215
0.851054
0.661024
0.641412
0.693362
0.940713
0.983989
0.942913
0.278572
0.15215
0.462481
0.161709
0.098015
0.319986
0.15215
0.124178
0.48679
0.278572
0.587472
0.338294
0.161709
0.627652
0.48679
0.137247
0.338294
0.319986
0.0258787
0.870831
0.845041
1
0.883441
0.808201
1
0.860255
1
1
0.870831
1
1
0.883441
0.941359
1
0.808201
0.802031
1
0.137247
0.098015
0.161709
0.124178
0.0258787
0.278572
0.137247
0.124178
0.098015
0.0258787
0.15215
0.319986
0.338294
0.802031
0.627652
0.883441
0.860255
0.338294
0.587472
0.870831
0.48679
0.860255
0.845041
0.319986
0.808201
0.883441
0.587472
0.462481
0.845041
1
1
0.983989
0.941359
1
0.794587
1
0.873215
0.983989
1
0.940713
0.946664
0.941359
0.498005
0.873215
1
1
0.946664
0.693605
0.932253
0.84961
0.487215
0.657796
0.693362
0.932253
0.907626
0.690539
0.851054
0.693362
0.81694
0.487215
0.693605
0.796003
0.907626
0.942913
0.81694
0.794587
0.946664
0.932253
0.641412
0.785829
0.81694
0.873215
0.851054
0.942913
0.797409
0.84961
0.690539
0.940713
0.907626
0.932253
0.782475
0.661024
0.657796
Hand_L
384
------------------------------------------
0.903645
1
0.904746
0.906297
1
0.897791
1
1
1
1
1
1
0.897791
1
0.99793
0.903645
0.812698
0.920514
0.99793
1
0.938893
0.904746
1
0.906297
1
1
1
1
1
1
1
1
1
1
1
1
1
1
1
1
1
1
0.357687
0.906297
0.44423
0.903645
0.973961
1
0.99793
0.850592
0.632142
0.632142
0.897791
0.99793
0.44423
0.897791
0.223272
0.357687
0.903645
0.904746
0.828235
0.939018
0.944455
0.987963
0.943886
1
0.938893
0.939018
0.850592
0.920514
0.940618
0.942215
0.276749
0.850592
0.828235
0.276749
0.812698
0.24854
1
1
1
1
0.973961
0.987963
0.941019
0.943886
0.933772
0.941019
0.94058
0.942215
0.944455
0.942215
0.940618
0.944455
0.948736
0.941019
0.938893
0.943886
0.948736
0.973961
0.942215
0.94058
0.987963
0.94058
0.933772
0.828235
0.940618
0.812698
0.357687
0.358588
0.338976
0.632142
0.202591
0.420007
0.44423
0.214171
0.358588
0.24854
0.202591
0.276749
0.357687
0.217526
0.24854
0.632142
0.214171
0.223272
0.420007
0.18306
0.214171
0.501995
0.306395
0.512785
0.217526
0.15039
0.202591
0.501995
0.148945
0.126785
0.338976
0.306638
0.342204
0.0592875
0.0570867
0.0923743
0.058641
0.0160111
0.0592875
0.058641
0.205413
0.501995
0.0160111
0.0533357
0.058641
0.126785
0.0533357
0.205413
0.306395
0.15039
0.203997
0.512785
0.306638
0.148945
0.0677469
0.309461
0.15039
0.148945
0.18306
0.0570867
0.512785
0.203997
0.342204
0.0923743
0.18306
0.309461
0.205413
0.0677469
0.306395
0.358588
0.18306
0.306638
0.126785
0.0570867
0.0160111
0.202591
0.309461
0.420007
0.0592875
0.0677469
0.0533357
0.217526
0.342204
0.203997
0.903645
1
1
0.906297
1
1
1
1
1
1
1
1
0.897791
1
1
0.903645
0.24854
0.812698
0.99793
1
1
0.904746
1
1
1
1
1
1
1
1
1
1
1
1
1
1
1
1
1
1
1
1
0.357687
0.904746
0.906297
0.903645
0.920514
0.973961
0.99793
0.938893
0.850592
0.632142
0.223272
0.897791
0.44423
0.906297
0.897791
0.357687
0.24854
0.903645
0.828235
0.850592
0.939018
0.987963
0.933772
0.943886
0.938893
0.948736
0.939018
0.920514
0.812698
0.940618
0.276749
0.632142
0.850592
0.276749
0.828235
0.812698
1
0.987963
1
1
1
0.973961
0.941019
0.948736
0.943886
0.941019
0.933772
0.94058
0.944455
0.941019
0.942215
0.944455
0.939018
0.948736
0.938893
1
0.943886
0.973961
0.920514
0.942215
0.987963
0.973961
0.94058
0.828235
0.944455
0.940618
0.357687
0.44423
0.358588
0.632142
0.276749
0.202591
0.44423
0.223272
0.214171
0.24854
0.217526
0.202591
0.357687
0.338976
0.217526
0.632142
0.420007
0.214171
0.420007
0.309461
0.18306
0.501995
0.205413
0.306395
0.217526
0.203997
0.15039
0.501995
0.512785
0.148945
0.338976
0.358588
0.306638
0.0592875
0.0160111
0.0570867
0.058641
0.0160111
0.058641
0.205413
0.126785
0.0160111
0.0592875
0.0533357
0.058641
0.501995
0.126785
0.0533357
0.306395
0.0677469
0.15039
0.512785
0.342204
0.306638
0.0677469
0.0923743
0.309461
0.148945
0.306638
0.18306
0.512785
0.306395
0.203997
0.0923743
0.0570867
0.18306
0.205413
0.0533357
0.0677469
0.358588
0.214171
0.18306
0.126785
0.148945
0.0570867
0.202591
0.15039
0.309461
0.0592875
0.0923743
0.0677469
0.217526
0.338976
0.342204
Upper_Arm_R
442
------------------------------------------
0.00628746
0.103066
0.118459
0.065661
0.0353696
0.0604287
0.0353696
0.0170307
0.0190702
0.118459
0.065661
0.0604287
0.0170307
0.103066
0.065661
0.0255867
0.0255867
0.0255867
0.0605192
0.103066
0.0605192
0.169871
0.00628746
0.0605192
0.00873327
0.00873327
0.0133816
0.00873327
0.0133816
0.0564421
0.00628746
0.0101558
0.118459
0.149059
0.0101558
0.0604287
0.0353696
0.081185
0.0170307
0.081185
0.0564421
0.0190702
0.118459
0.0604287
0.0967451
0.0967451
0.0133816
0.081185
0.0133816
0.0564421
0.0564421
0.00873327
0.0328902
0.0210679
0.0101558
0.247726
0.0967451
0.0328902
0.0210679
0.0101558
0.149059
0.0967451
0.0396303
0.00422859
0.0680116
0.0544945
0.0680116
0.0933492
0.0933492
0.245319
0.308148
0.68182
0.397877
0.245319
0.0210679
0.69964
0.212329
0.308148
0.212329
0.196085
0.108145
0.196085
0.535215
0.0680116
0.0210679
0.245319
0.108145
0.0697045
0.212329
0.68182
0.247726
0.560579
0.247726
0.149059
0.397877
0.308148
0.245319
0.0933492
0.212329
0.0697045
0.721428
0.537519
0.84785
0.838291
0.680015
0.901985
0.84785
0.51321
0.875822
0.661706
0.721428
0.862753
0.51321
0.838291
0.875822
0.680015
0.862753
0.901985
1
0.397877
0.68182
1
0.560579
0.930053
0.69964
0.397877
0.535215
1
0.560579
1
0.68182
0.69964
0.962469
0.535215
1
0.930053
1
1
1
1
1
0.927633
0.930053
0.962469
1
1
1
1
1
0.927633
1
0.962469
0.129169
0.154959
0.116559
0.191799
0.139745
0.154959
0.129169
0.197969
0.116559
0.139745
0.191799
0.197969
0.901985
1
1
0.875822
1
1
0.862753
0.974121
1
1
0.875822
1
1
0.901985
1
0.974121
0.84785
1
0.680015
0.197969
0.661706
0.139745
0.372348
0.51321
0.661706
0.129169
0.412528
0.154959
0.51321
0.537519
0.116559
0.680015
0.372348
0.412528
0.154959
0.537519
0.024604
0.0461751
0.0315218
0.024604
0.0396303
0.0461751
0.0328902
0.00535965
0.0328902
0.00537032
0.0697045
0.0544945
0.0933492
0.00422859
0.00537032
0.024604
0.0315218
0.0697045
0.024604
0.196085
0.0605192
0.108145
0.149059
0.0605192
0.196085
0.00628746
0.108145
0.0605192
0.00628746
0.103066
0.169871
0.118459
0.0604287
0.0170307
0.0190702
0.118459
0.0190702
0.0604287
0.065661
0.103066
0.0255867
0.0255867
0.103066
0.103066
0.103066
0.0255867
0.0605192
0.0133816
0.0133816
0.0564421
0.108145
0.00628746
0.0101558
0.118459
0.169871
0.149059
0.0353696
0.0604287
0.081185
0.0170307
0.081185
0.0564421
0.0190702
0.0190702
0.118459
0.0604287
0.0170307
0.0967451
0.0967451
0.081185
0.0133816
0.081185
0.0133816
0.00873327
0.0564421
0.0564421
0.0328902
0.0461751
0.0210679
0.247726
0.00537032
0.0328902
0.0210679
0.00422859
0.149059
0.247726
0.0967451
0.0396303
0.00535965
0.00422859
0.0544945
0.0396303
0.0680116
0.0933492
0.0680116
0.245319
0.68182
0.397877
0.245319
0.69964
0.535215
0.212329
0.212329
0.535215
0.196085
0.149059
0.196085
0.0680116
0.00422859
0.0210679
0.108145
0.0697045
0.68182
0.247726
0.560579
0.247726
0.397877
0.69964
0.308148
0.0933492
0.308148
0.212329
0.721428
0.412528
0.537519
0.838291
0.372348
0.680015
0.84785
0.537519
0.51321
0.661706
0.412528
0.721428
0.51321
0.372348
0.838291
0.680015
0.661706
0.862753
1
0.930053
0.397877
1
1
0.560579
0.930053
0.927633
0.69964
0.535215
0.962469
1
0.560579
1
1
0.69964
0.927633
0.962469
1
1
0.930053
1
1
1
1
0.974121
0.927633
0.962469
1
1
1
1
1
0.927633
0.974121
1
0.129169
0.116559
0.139745
0.129169
0.116559
0.191799
0.901985
0.862753
1
0.875822
0.838291
1
0.862753
0.721428
0.974121
1
0.84785
0.875822
1
0.838291
0.901985
0.974121
0.721428
0.84785
0.680015
0.191799
0.197969
0.139745
0.116559
0.372348
0.661706
0.197969
0.129169
0.154959
0.139745
0.51321
0.116559
0.191799
0.680015
0.412528
0.129169
0.154959
0.024604
0.0315218
0.0461751
0.0544945
0.0315218
0.0396303
0.0544945
0.0461751
0.00535965
0.0396303
0.0328902
0.0697045
0.0315218
0.0544945
0.00422859
0.00535965
0.00537032
0.0461751
0.024604
0.0315218
0.024604
0.149059
0.169871
0.0605192
Lower_Arm_R
454
------------------------------------------
0.0963547
0.0952537
0.0937033
0.10221
0.10221
0.00206953
0.0963547
0.187302
0.75146
0.00206953
0.0952537
0.0937033
0.0937033
0.642313
0.55577
0.026039
0.0963547
0.149408
0.00206953
0.367858
0.367858
0.10221
0.776728
0.10221
0.55577
0.776728
0.642313
0.0963547
0.75146
0.171765
0.0609818
0.149408
0.0561139
0.0120373
0.0609818
0.0611073
0.149408
0.0794861
0.0593817
0.187302
0.723251
0.149408
0.367858
0.187302
0.723251
0.75146
0.026039
0.0589809
0.0561139
0.0512643
0.05942
0.0589809
0.0577848
0.0577848
0.0555454
0.0593817
0.0555454
0.0512643
0.0609818
0.0611073
0.0561139
0.026039
0.0577848
0.0794861
0.0120373
0.05942
0.026039
0.0593817
0.171765
0.187302
0.642313
0.641412
0.55577
0.367858
0.797409
0.723251
0.55577
0.785829
0.776728
0.797409
0.75146
0.723251
0.782475
0.642313
0.75146
0.785829
0.367858
0.776728
0.81694
0.579993
0.785829
0.498005
0.693605
0.794587
0.84961
0.782475
0.797409
0.851054
0.498005
0.873215
0.661024
0.693362
0.641412
0.940713
0.942913
0.983989
0.278572
0.462481
0.15215
0.161709
0.319986
0.0980151
0.15215
0.48679
0.124178
0.338294
0.278572
0.137247
0.48679
0.161709
0.124178
0.319986
0.137247
0.0980151
0.870831
1
0.845041
0.883441
1
0.808201
1
0.860256
0.845041
1
0.870831
0.802031
1
0.883441
0.860256
0.808201
1
0.802031
0.0980151
0.124178
0.137247
0.0258787
0.124178
0.0980151
0.0258787
0.15215
0.319986
0.802031
0.338294
0.860256
0.627652
0.48679
0.338294
0.870831
0.587472
0.845041
0.48679
0.462481
0.883441
0.319986
0.627652
0.587472
0.845041
0.462481
1
0.983989
1
0.941359
0.794587
1
0.983989
1
1
0.946664
1
1
0.873215
0.941359
1
1
0.946664
1
0.693605
0.84961
0.932253
0.693362
0.487215
0.851054
0.932253
0.690539
0.907626
0.81694
0.851054
0.942913
0.487215
0.796003
0.693605
0.907626
0.81694
0.942913
0.794587
0.932253
0.946664
0.641412
0.81694
0.785829
0.942913
0.873215
0.983989
0.690539
0.797409
0.579993
0.932253
0.940713
0.946664
0.782475
0.657796
0.661024
0.0963547
0.0937033
0.10221
0.0963547
0.0794861
0.187302
0.00206953
0.0611073
0.0952537
0.0937033
0.0952537
0.642313
0.026039
0.0794861
0.0963547
0.149408
0.0611073
0.00206953
0.367858
0.00206953
0.10221
0.10221
0.0937033
0.55577
0.642313
0.0952537
0.0963547
0.171765
0.0555454
0.0609818
0.0561139
0.0662281
0.0120373
0.0609818
0.0512643
0.0611073
0.0794861
0.0577848
0.0593817
0.723251
0.171765
0.149408
0.187302
0.171765
0.723251
0.0120373
0.0120373
0.026039
0.0589809
0.0662281
0.0561139
0.05942
0.0662281
0.0589809
0.0577848
0.0589809
0.0555454
0.0555454
0.0589809
0.0512643
0.0611073
0.0512643
0.0561139
0.026039
0.05942
0.0577848
0.0120373
0.0662281
0.05942
0.0593817
0.0555454
0.171765
0.642313
0.661024
0.641412
0.367858
0.579993
0.797409
0.55577
0.641412
0.785829
0.797409
0.782475
0.75146
0.782475
0.661024
0.642313
0.785829
0.579993
0.367858
0.81694
0.690539
0.579993
0.498005
0.487215
0.693605
0.84961
0.796003
0.782475
0.851054
0.487215
0.498005
0.661024
0.657796
0.693362
0.940713
0.907626
0.942913
0.278572
0.587472
0.462481
0.161709
0.627652
0.319986
0.15215
0.462481
0.48679
0.338294
0.587472
0.278572
0.48679
0.627652
0.161709
0.319986
0.338294
0.137247
0.0258787
0.0258787
0.870831
1
1
0.883441
0.941359
1
1
1
0.860256
1
1
0.870831
1
0.941359
0.883441
0.808201
1
1
0.0980151
0.137247
0.124178
0.161709
0.137247
0.278572
0.0258787
0.15215
0.124178
0.161709
0.0980151
0.0258787
0.278572
0.15215
0.319986
0.808201
0.802031
0.860256
0.883441
0.627652
0.338294
0.802031
0.870831
0.845041
0.860256
0.48679
0.883441
0.808201
0.319986
0.587472
0.870831
0.845041
1
0.940713
0.983989
0.941359
0.498005
0.794587
0.983989
0.873215
1
0.946664
0.940713
1
0.873215
0.498005
0.941359
1
0.794587
0.946664
0.693605
0.796003
0.84961
0.693362
0.657796
0.487215
0.932253
0.84961
0.690539
0.81694
0.693362
0.851054
0.487215
0.657796
0.796003
0.907626
0.690539
0.81694
0.794587
0.693605
0.932253
0.641412
0.693362
0.81694
0.942913
0.851054
0.873215
0.690539
0.84961
0.797409
0.932253
0.907626
0.940713
0.782475
0.796003
0.657796
Hand_R
384
------------------------------------------
1
0.903645
0.904746
1
0.906297
0.897791
1
1
1
1
1
1
1
0.897791
0.99793
0.903645
0.812698
0.24854
0.99793
1
1
1
0.904746
0.906297
1
1
1
1
1
1
1
1
1
1
1
1
1
1
1
1
1
1
0.906297
0.357687
0.44423
0.973961
0.903645
1
0.850592
0.99793
0.632142
0.632142
0.897791
0.223272
0.897791
0.44423
0.223272
0.357687
0.903645
0.24854
0.828235
0.939018
0.850592
0.943886
0.987963
1
0.939018
0.938893
0.850592
0.920514
0.940618
0.812698
0.276749
0.850592
0.632142
0.812698
0.276749
0.24854
1
1
1
1
0.973961
1
0.941019
0.943886
0.948736
0.94058
0.941019
0.942215
0.942215
0.944455
0.940618
0.944455
0.948736
0.939018
0.938893
0.943886
1
0.973961
0.942215
0.920514
0.987963
0.94058
0.973961
0.940618
0.828235
0.812698
0.357687
0.358588
0.44423
0.632142
0.202591
0.276749
0.44423
0.214171
0.223272
0.202591
0.24854
0.276749
0.217525
0.357687
0.24854
0.214171
0.632142
0.223272
0.18306
0.420007
0.214171
0.501995
0.306395
0.205413
0.15039
0.217525
0.202591
0.148945
0.501995
0.126785
0.338976
0.306638
0.358588
0.0592875
0.0570867
0.0160111
0.0160111
0.0586409
0.205413
0.0160111
0.0533357
0.126785
0.0586409
0.0533357
0.306395
0.15039
0.0677469
0.306638
0.512785
0.148945
0.0677469
0.309461
0.0923743
0.18306
0.148945
0.0570867
0.512785
0.203997
0.306395
0.0923743
0.18306
0.0570867
0.205413
0.0677469
0.0533357
0.358588
0.18306
0.214171
0.0570867
0.126785
0.0160111
0.309461
0.202591
0.420007
0.0677469
0.0592875
0.0533357
0.217525
0.342204
0.338976
1
1
0.903645
1
1
0.906297
1
1
1
1
1
1
1
1
0.897791
0.903645
0.920514
0.812698
0.99793
0.938893
1
1
1
0.904746
1
1
1
1
1
1
1
1
1
1
1
1
1
1
1
1
1
1
0.906297
0.904746
0.357687
0.973961
0.920514
0.903645
0.850592
0.938893
0.99793
0.632142
0.99793
0.897791
0.897791
0.906297
0.44423
0.357687
0.904746
0.903645
0.828235
0.944455
0.939018
0.943886
0.933772
0.987963
0.939018
0.948736
0.938893
0.920514
0.942215
0.940618
0.276749
0.828235
0.850592
0.812698
0.828235
0.276749
1
0.987963
1
1
0.987963
0.973961
0.941019
0.933772
0.943886
0.94058
0.933772
0.941019
0.942215
0.941019
0.944455
0.944455
0.941019
0.948736
0.938893
0.948736
0.943886
0.973961
0.94058
0.942215
0.987963
0.933772
0.94058
0.940618
0.944455
0.828235
0.357687
0.338976
0.358588
0.632142
0.420007
0.202591
0.44423
0.358588
0.214171
0.202591
0.217525
0.24854
0.217525
0.338976
0.357687
0.214171
0.420007
0.632142
0.18306
0.309461
0.420007
0.501995
0.512785
0.306395
0.15039
0.203997
0.217525
0.148945
0.512785
0.501995
0.338976
0.342204
0.306638
0.0592875
0.0923743
0.0570867
0.0586409
0.0586409
0.0592875
0.0160111
0.0586409
0.501995
0.205413
0.0160111
0.126785
0.0533357
0.0592875
0.126785
0.501995
0.0586409
0.205413
0.0533357
0.306395
0.203997
0.15039
0.306638
0.342204
0.512785
0.0677469
0.15039
0.309461
0.18306
0.306638
0.148945
0.512785
0.342204
0.203997
0.0923743
0.309461
0.18306
0.205413
0.306395
0.0677469
0.358588
0.306638
0.18306
0.0570867
0.148945
0.126785
0.309461
0.15039
0.202591
0.0677469
0.0923743
0.0592875
0.217525
0.203997
0.342204
Upper_Leg_L
546
------------------------------------------
0.513982
0.0359956
0.0842655
0.0485861
0.0994108
0.616737
0.0994108
0.768578
0.616737
0.616737
0.949317
0.718127
0.615099
0.171485
0.18785
0.126582
0.0715936
0.553211
0.948965
0.775811
0.720555
0.949317
0.976258
0.144745
0.775811
0.234089
0.145472
0.129918
0.145472
0.0715936
0.112084
0.983635
0.78333
0.966159
0.863551
0.791037
0.632859
0.766072
0.632859
0.404814
0.831331
0.81048
0.983635
0.768578
1
0.949317
0.615099
0.977833
0.946875
0.775811
1
0.977833
0.949317
1
0.976258
0.948965
1
1
0.615099
0.983581
0.768578
0.766072
0.517529
0.831331
0.969352
0.78333
0.791037
0.0907195
0.129918
0.126582
0.720555
0.948965
0.631145
0.615099
0.234089
0.775811
0.720555
0.590207
0.718127
0.0540488
0.616737
0.590207
0.613155
0.616737
0.0540488
0.0485861
0.600796
0.568719
0.454107
0.454107
0.540861
0.416184
1
0.966159
0.969352
0.946875
0.831331
0.983581
0.983581
0.983635
1
0.946875
0.863551
0.766072
0.977833
0.969352
0.863551
1
0.966159
1
0.404814
0.126582
0.517529
0.791037
0.112084
0.0907195
0.81048
0.112084
0.78333
0.632859
0.0907195
0.145472
0.404814
0.145472
0.129918
0.517529
0.0715936
0.81048
0.416184
0.0632718
0.454107
0.0632718
0.0540488
0.0419022
0.0304894
0.0419022
0.454107
0.0540488
0.600796
0.424404
0.0842655
0.0419022
0.0304894
0.0632718
0.0419022
0.416184
0.424404
0.538869
0.49714
0.522205
0.563999
0.522205
0.540861
0.563999
0.568719
0.590207
0.590207
0.613362
0.613155
0.424404
0.540861
0.522205
0.600796
0.613155
0.613362
0.720555
0.538869
0.563999
0.553211
0.134866
0.144745
0.513982
0.522205
0.49714
0.553211
0.538869
0.631145
0.0842655
0.0359956
0.0842655
0.144745
0.340269
0.332602
0.553211
0.332602
0.495232
0.513982
0.340269
0.134866
0.495232
0.340269
0.49714
0.0558813
0.0359956
0.134866
0.0994108
0.0169234
0.0378427
0.0994108
0.0169234
0.0169234
0.0882553
0.171485
0.0378427
0.0544622
0.00818169
0.144745
0.0565472
0.0544622
0.0378427
0.0882553
0.0565472
0.0565472
0.0882553
0.0378427
0.00818169
0.234089
0.0882553
0.0565472
0.00457567
0.0169234
0.00457567
0.0169234
0.00496775
0.0148591
0.0029009
0.00948405
0.0029009
0.00750339
0.00750339
0.0029009
0.0248604
0.00750339
0.0248604
0.0293981
0.0613899
0.06252
0.00906795
0.0300407
0.0293981
0.00496775
0.00906795
0.00457567
0.0127695
0.00457567
0.0128106
0.0248604
0.00948405
0.00750339
0.0148591
0.0128106
0.0169234
0.0293981
0.00818169
0.0544622
0.134866
0.0558813
0.0558813
0.0300407
0.0248604
0.0293981
0.0544622
0.00818169
0.0359956
0.144745
0.0982454
0.134866
0.100126
0.0544622
0.06252
0.0558813
0.0982454
0.0613899
0.0982454
0.06252
0.0613899
0.513982
0.134866
0.0359956
0.0485861
0.0994108
0.0994108
0.171485
0.768578
0.0485861
0.616737
0.768578
0.949317
0.615099
0.768578
0.171485
0.126582
0.553211
0.631145
0.948965
0.720555
0.718127
0.949317
0.144745
0.553211
0.775811
0.145472
0.145472
0.0907195
0.0715936
0.983635
0.81048
0.78333
0.863551
0.969352
0.791037
0.766072
0.863551
0.632859
0.831331
0.517529
0.81048
0.768578
0.983581
1
0.615099
0.775811
0.977833
0.775811
0.948965
1
0.949317
1
1
0.948965
0.976258
1
0.615099
0.946875
0.983581
0.766072
0.404814
0.517529
0.969352
0.966159
0.78333
0.0907195
0.112084
0.129918
0.720555
0.976258
0.948965
0.615099
0.18785
0.234089
0.720555
0.563999
0.590207
0.0485861
0.0540488
0.616737
0.718127
0.590207
0.616737
0.600796
0.0540488
0.600796
0.613362
0.568719
0.454107
0.568719
0.540861
1
1
0.966159
0.946875
0.766072
0.831331
0.983581
0.831331
0.983635
0.946875
0.977833
0.863551
0.977833
1
0.969352
1
0.983635
0.966159
0.404814
0.129918
0.126582
0.791037
0.78333
0.112084
0.81048
0.0715936
0.112084
0.632859
0.791037
0.0907195
0.404814
0.632859
0.145472
0.517529
0.126582
0.0715936
0.416184
0.0304894
0.0632718
0.0632718
0.0419022
0.0419022
0.0842655
0.454107
0.0632718
0.0540488
0.424404
0.513982
0.0842655
0.0304894
0.0419022
0.0304894
0.416184
0.538869
0.495232
0.49714
0.563999
0.538869
0.522205
0.563999
0.540861
0.568719
0.590207
0.568719
0.613362
0.424404
0.416184
0.540861
0.600796
0.616737
0.613155
0.720555
0.631145
0.538869
0.553211
0.513982
0.134866
0.513982
0.424404
0.522205
0.553211
0.495232
0.538869
0.144745
0.134866
0.340269
0.553211
0.144745
0.332602
0.513982
0.49714
0.340269
0.495232
0.332602
0.340269
0.0558813
0.0359956
0.0994108
0.0378427
0.171485
0.0994108
0.0378427
0.0169234
0.0882553
0.18785
0.171485
0.0544622
0.0565472
0.144745
0.234089
0.0565472
0.0378427
0.0882553
0.0565472
0.0882553
0.234089
0.18785
0.0882553
0.00457567
0.00906795
0.0169234
0.0128106
0.00457567
0.0148591
0.0169234
0.00496775
0.0127695
0.0148591
0.00948405
0.00496775
0.0029009
0.00750339
0.0029009
0.0029009
0.0148591
0.0558813
0.0248604
0.00750339
0.0293981
0.0300407
0.0613899
0.00906795
0.00948405
0.0300407
0.00496775
0.00948405
0.00906795
0.0127695
0.00496775
0.00457567
0.0248604
0.0300407
0.00948405
0.0148591
0.0127695
0.0128106
0.00906795
0.0293981
0.0544622
0.144745
0.134866
0.0558813
0.0613899
0.0300407
0.0293981
0.06252
0.0544622
0.144745
0.100126
0.0982454
0.100126
0.144745
0.0544622
0.0558813
0.134866
0.0982454
0.0982454
0.100126
0.06252
Lower_Leg_L
318
------------------------------------------
0.873418
0.960008
0.928406
0.959628
0.756674
0.924261
0.854527
0.959628
0.870082
0.854527
1
1
0.928406
1
0.887916
0.0163648
0.21667
0.0338412
0.136449
0.208963
0.367141
0.233928
0.367141
0.595186
0.168669
0.189519
0.0163648
0.00105232
0.233928
0.482471
0.168669
0.0306479
0.21667
0.208963
0.90928
1
1
0.870082
0.924261
0.873418
0.959628
0.943492
0.848617
1
0.969718
0.943492
0.924261
0.776794
0.960008
1
0.969718
1
1
0.776794
0.816571
0.969718
0.756167
0.943492
0.969718
0.197973
0.817224
0.816571
0.0792686
0.197973
0.776794
0.101048
0.0792686
0.756674
0.228213
0.101048
0.943492
0.228213
0.848617
0.101048
0.0792686
0.0427149
0.0421081
0.0427149
0.107458
0.0421081
0.0891852
0.117451
0.107458
0.117451
0.237363
0.400198
0.563297
0.756167
0.817224
0.0421081
0.0337176
0.0421081
0.115367
0.0337176
0.237363
0.476497
0.400198
0.400198
0.107458
0.117451
0.115367
0.476497
0.563297
0.0427149
0.0546407
0.125742
0.0427149
0.0546407
0.125742
0.448662
0.0891852
0.0891852
0.237363
0.111573
0.228213
0.558731
0.125742
0.228213
0.0546407
0.101048
0.0546407
0.101048
0.817224
0.115367
0.563297
0.0337176
0.197973
0.0792686
0.0337176
0.0792686
0.448662
0.563297
0.476497
0.0338412
0.0306479
0.00105232
0.168669
0.0163648
0.00105232
0.136449
0.233928
0.0306479
0.136449
0.0338412
0.595186
0.873418
0.482471
0.208963
0.887916
0.90928
0.189519
0.887916
0.21667
0.367141
0.90928
0.854527
0.595186
0.854527
0.870082
0.482471
0.928406
0.189519
0.873418
0.924261
0.960008
0.959628
0.848617
0.756674
0.854527
1
0.959628
0.854527
0.90928
1
0.928406
0.960008
1
0.0163648
0.189519
0.21667
0.136449
0.0306479
0.208963
0.233928
0.136449
0.367141
0.168669
0.482471
0.189519
0.00105232
0.233928
0.595186
0.482471
0.0306479
0.0338412
0.21667
0.90928
0.887916
1
0.870082
0.959628
0.924261
0.959628
1
0.943492
1
1
0.969718
0.924261
0.756674
0.776794
1
0.816571
0.969718
1
0.960008
0.776794
0.969718
0.817224
0.756167
0.969718
0.816571
0.197973
0.816571
0.776794
0.0792686
0.776794
0.756674
0.101048
0.756674
0.848617
0.228213
0.943492
0.756167
0.228213
0.101048
0.0427149
0.0427149
0.0891852
0.107458
0.0891852
0.111573
0.117451
0.117451
0.111573
0.237363
0.563297
0.558731
0.756167
0.0421081
0.0421081
0.107458
0.115367
0.237363
0.448662
0.476497
0.400198
0.476497
0.107458
0.115367
0.107458
0.476497
0.0427149
0.125742
0.0891852
0.0427149
0.125742
0.558731
0.448662
0.0891852
0.448662
0.237363
0.228213
0.756167
0.558731
0.228213
0.125742
0.0546407
0.0546407
0.817224
0.197973
0.115367
0.0337176
0.115367
0.197973
0.0337176
0.448662
0.558731
0.563297
0.0338412
0.00105232
0.233928
0.168669
0.168669
0.0163648
0.00105232
0.136449
0.0306479
0.0163648
0.0338412
0.595186
0.870082
0.873418
0.208963
0.21667
0.887916
0.189519
0.928406
0.887916
0.367141
0.208963
0.90928
0.595186
0.367141
0.854527
0.482471
0.873418
0.928406
Foot_L
252
------------------------------------------
0.0399923
0.0403723
0.243326
0.0757391
0.0403723
0.0757391
0.0403723
0.0565077
0.151383
0.0302824
0.0565077
0.0757391
0.223206
0.0399923
0.0302824
0.223206
0.183429
0.0302824
0.243833
0.0565077
0.0302824
0.802028
0.182776
0.183429
0.920731
0.802028
0.223206
0.898952
0.920731
0.243326
0.771787
0.898952
0.0565077
0.771787
0.151383
0.898952
1
0.920731
1
1
1
1
1
1
1
1
1
1
0.957285
0.957892
0.957285
0.892542
0.957892
0.910815
0.882549
0.892542
0.882549
0.762637
0.599802
0.436703
0.243833
0.182776
1
1
1
1
0.957892
0.966282
0.957892
0.884633
0.966282
0.762637
0.523503
0.599802
0.599802
0.892542
0.882549
0.884633
0.523503
0.436703
1
1
1
0.957285
1
0.945359
0.874258
0.957285
0.945359
0.874258
0.551338
0.910815
0.910815
0.762637
0.888427
0.771787
0.441269
0.874258
0.771787
0.945359
0.898952
0.945359
1
0.898952
1
1
1
0.182776
0.884633
0.436703
0.966282
0.802028
0.920731
1
0.966282
0.920731
1
1
1
0.551338
0.436703
0.523503
1
1
1
0.0757391
0.0399923
0.0403723
0.151383
0.243326
0.0403723
0.0399923
0.0403723
0.0757391
0.0403723
0.0565077
0.0302824
0.0757391
0.243326
0.223206
0.183429
0.0302824
0.0399923
0.223206
0.0302824
0.182776
0.243833
0.0302824
0.183429
0.802028
0.183429
0.223206
0.920731
0.223206
0.243326
0.898952
0.243326
0.151383
0.771787
0.0565077
0.243833
0.771787
0.898952
1
1
1
1
1
1
1
1
1
1
1
1
1
0.957285
0.957285
0.910815
0.892542
0.910815
0.888427
0.882549
0.882549
0.888427
0.762637
0.436703
0.441269
0.243833
1
1
1
1
1
0.957892
0.957892
0.892542
0.884633
0.762637
0.551338
0.523503
0.599802
0.523503
0.892542
0.884633
0.892542
0.523503
1
1
1
0.957285
1
1
0.874258
0.910815
0.957285
0.874258
0.441269
0.551338
0.910815
0.551338
0.762637
0.771787
0.243833
0.441269
0.771787
0.874258
0.945359
0.945359
1
1
1
1
1
0.182776
0.802028
0.884633
0.966282
0.884633
0.802028
1
1
0.966282
1
1
1
0.551338
0.441269
0.436703
1
1
1
Upper_Leg_R
546
------------------------------------------
0.0558813
0.0359956
0.0994108
0.0169234
0.0994108
0.0378427
0.0169234
0.0169234
0.0882553
0.171485
0.18785
0.0544622
0.0565472
0.144745
0.0565472
0.234089
0.0378427
0.0882553
0.0565472
0.0882553
0.0378427
0.00818169
0.0882553
0.234089
0.0565472
0.00457567
0.0169234
0.00457567
0.0128106
0.0169234
0.014859
0.00496775
0.0029009
0.0029009
0.00948411
0.00750339
0.00750339
0.0029009
0.0029009
0.014859
0.0248606
0.00750339
0.0248606
0.0293022
0.0613899
0.0300406
0.00906795
0.0300406
0.00948411
0.00906795
0.00496775
0.00457567
0.00457567
0.0127694
0.0128106
0.0248606
0.00948411
0.0300406
0.014859
0.0128106
0.0127694
0.0293022
0.00906795
0.0544622
0.134866
0.144745
0.0558813
0.0300406
0.0613899
0.0544622
0.0293022
0.00818169
0.0359956
0.144745
0.0982454
0.100126
0.0544622
0.100126
0.06252
0.0558813
0.0982454
0.134866
0.06252
0.0982454
0.0613899
0.513982
0.0359956
0.134866
0.0994108
0.0485868
0.616737
0.768578
0.0994108
0.616737
0.0485868
0.949317
0.616737
0.610623
0.615099
0.171485
0.768578
0.126582
0.0715936
0.553211
0.948965
0.631145
0.4872
0.949317
0.610623
0.144745
0.775811
0.553211
0.145472
0.129918
0.145472
0.0907195
0.0715936
0.112084
0.78333
0.983635
0.966159
0.863551
0.791037
0.969352
0.766072
0.632859
0.863551
0.81048
0.831331
0.983635
1
0.768578
0.949317
0.615099
0.977833
0.775811
0.775811
1
0.948965
1
0.949317
0.976258
0.948965
1
0.976258
0.983581
0.615099
0.768578
0.517529
0.766072
0.831331
0.969352
0.78333
0.966159
0.0907195
0.112084
0.129918
0.126582
0.948965
0.4872
0.631145
0.234089
0.615099
0.775811
0.590208
0.4872
0.610623
0.0540496
0.0485868
0.616737
0.590208
0.610623
0.0540496
0.616737
0.0485868
0.56872
0.600799
0.454106
0.54086
0.454106
0.416185
1
0.966159
1
0.831331
0.946875
0.983581
0.983635
0.983581
1
0.946875
0.863551
0.977833
0.977833
0.969352
1
0.966159
1
1
0.126582
0.404814
0.517529
0.791037
0.112084
0.78333
0.112084
0.81048
0.78333
0.632859
0.0907195
0.791037
0.404814
0.145472
0.632859
0.0715936
0.517529
0.81048
0.416185
0.0504982
0.0328242
0.0504982
0.0540496
0.0405819
0.0328242
0.0405819
0.0842484
0.454106
0.0540496
0.0504982
0.0842484
0.424402
0.0405819
0.0328242
0.0504982
0.416185
0.0405819
0.424402
0.537361
0.49714
0.495232
0.564
0.522206
0.537361
0.56872
0.564
0.590208
0.613365
0.590208
0.613158
0.424402
0.54086
0.416185
0.600799
0.613158
0.616737
0.4872
0.537361
0.631145
0.553211
0.134866
0.513982
0.513982
0.522206
0.424402
0.537361
0.553211
0.631145
0.0842484
0.0359956
0.0842484
0.144745
0.340269
0.134866
0.332602
0.553211
0.495232
0.513982
0.340269
0.49714
0.340269
0.495232
0.49714
0.0558813
0.134866
0.0359956
0.0994108
0.0994108
0.171485
0.0378427
0.0169234
0.0378427
0.0882553
0.0378427
0.171485
0.0544622
0.00818169
0.144745
0.0544622
0.0565472
0.0378427
0.0882553
0.0565472
0.0565472
0.0882553
0.0882553
0.18785
0.234089
0.00906795
0.00457567
0.0169234
0.00457567
0.0169234
0.014859
0.014859
0.0127694
0.00496775
0.0029009
0.00496775
0.00948411
0.00750339
0.0029009
0.0248606
0.0558813
0.00750339
0.0293022
0.06252
0.0613899
0.00906795
0.0293022
0.0300406
0.00906795
0.00948411
0.00496775
0.00457567
0.00496775
0.0127694
0.0248606
0.00750339
0.00948411
0.014859
0.0169234
0.0128106
0.00818169
0.0293022
0.0544622
0.0558813
0.134866
0.0558813
0.0248606
0.0300406
0.0544622
0.06252
0.0293022
0.144745
0.134866
0.0982454
0.0544622
0.144745
0.100126
0.0558813
0.0613899
0.0982454
0.06252
0.100126
0.0982454
0.513982
0.0842484
0.0359956
0.0994108
0.0485868
0.768578
0.171485
0.0994108
0.949317
0.768578
0.616737
0.615099
0.18785
0.171485
0.126582
0.553211
0.775811
0.948965
0.4872
0.976258
0.949317
0.144745
0.234089
0.775811
0.145472
0.145472
0.0715936
0.78333
0.81048
0.983635
0.863551
0.632859
0.791037
0.766072
0.404814
0.632859
0.81048
0.517529
0.831331
1
0.983581
0.768578
0.615099
0.946875
0.977833
0.775811
0.977833
1
1
1
0.949317
0.948965
1
1
0.983581
0.946875
0.615099
0.517529
0.404814
0.766072
0.969352
0.791037
0.78333
0.0907195
0.129918
0.948965
0.976258
0.4872
0.234089
0.18785
0.615099
0.590208
0.564
0.4872
0.0540496
0.616737
0.613158
0.590208
0.0540496
0.600799
0.616737
0.56872
0.613365
0.600799
0.54086
0.56872
0.454106
1
0.969352
0.966159
0.831331
0.766072
0.946875
0.983635
0.831331
0.983581
0.946875
0.766072
0.863551
0.977833
0.863551
0.969352
0.966159
0.983635
1
0.126582
0.129918
0.404814
0.791037
0.0907195
0.112084
0.112084
0.0715936
0.81048
0.632859
0.145472
0.0907195
0.404814
0.129918
0.145472
0.0715936
0.126582
0.517529
0.416185
0.454106
0.0504982
0.0504982
0.0405819
0.0405819
0.454106
0.600799
0.0540496
0.0842484
0.513982
0.424402
0.0328242
0.416185
0.0328242
0.0405819
0.537361
0.522206
0.49714
0.564
0.54086
0.522206
0.56872
0.54086
0.564
0.613365
0.56872
0.590208
0.424402
0.522206
0.54086
0.600799
0.613365
0.613158
0.4872
0.564
0.537361
0.553211
0.144745
0.134866
0.513982
0.49714
0.522206
0.537361
0.495232
0.553211
0.144745
0.332602
0.340269
0.332602
0.144745
0.553211
0.513982
0.134866
0.340269
0.340269
0.332602
0.495232
Lower_Leg_R
318
------------------------------------------
0.960008
0.873418
0.928406
0.756674
0.959628
0.924261
0.959628
0.854527
0.870082
0.854527
1
0.90928
1
0.928406
0.887916
0.21667
0.0163647
0.0338412
0.136449
0.208963
0.0306479
0.233928
0.367141
0.136449
0.189519
0.168669
0.0163647
0.482471
0.233928
0.168669
0.0306479
0.21667
0.0338412
0.90928
1
0.887916
0.924261
0.870082
0.873418
0.959628
0.943492
1
1
0.969718
1
0.776794
0.924261
0.960008
0.969718
1
1
1
0.776794
0.960008
0.756167
0.969718
0.943492
0.969718
0.197973
0.816571
0.816571
0.0792686
0.776794
0.776794
0.101048
0.756674
0.756674
0.228213
0.848617
0.228213
0.943492
0.848617
0.101048
0.0792686
0.0427149
0.107458
0.0427149
0.0421081
0.117451
0.0891852
0.107458
0.117451
0.237363
0.111573
0.563297
0.756167
0.558731
0.0421081
0.115367
0.0421081
0.0337176
0.476497
0.237363
0.400198
0.107458
0.400198
0.117451
0.476497
0.115367
0.563297
0.0427149
0.0546407
0.125742
0.0427149
0.0891852
0.125742
0.448662
0.558731
0.0891852
0.237363
0.448662
0.228213
0.558731
0.756167
0.228213
0.0546407
0.125742
0.0546407
0.101048
0.817224
0.115367
0.197973
0.197973
0.0337176
0.0792686
0.0337176
0.563297
0.448662
0.476497
0.0338412
0.168669
0.00105232
0.0163647
0.00105232
0.136449
0.0306479
0.0338412
0.873418
0.595186
0.482471
0.208963
0.887916
0.21667
0.887916
0.189519
0.21667
0.367141
0.90928
0.208963
0.595186
0.854527
0.367141
0.928406
0.482471
0.189519
0.960008
0.924261
0.873418
0.756674
0.848617
0.959628
0.959628
1
0.854527
0.854527
1
1
1
0.960008
0.928406
0.21667
0.189519
0.0163647
0.136449
0.367141
0.208963
0.233928
0.595186
0.367141
0.189519
0.482471
0.168669
0.00105232
0.00105232
0.482471
0.595186
0.233928
0.0306479
0.208963
0.21667
0.90928
1
1
0.924261
0.959628
0.870082
0.959628
0.848617
0.943492
1
0.943492
0.969718
0.776794
0.756674
0.924261
0.969718
0.816571
1
1
0.816571
0.776794
0.756167
0.817224
0.969718
0.969718
0.817224
0.197973
0.816571
0.197973
0.0792686
0.776794
0.0792686
0.101048
0.756674
0.101048
0.228213
0.228213
0.756167
0.943492
0.101048
0.0421081
0.0427149
0.107458
0.0891852
0.0427149
0.117451
0.111573
0.0891852
0.117451
0.400198
0.237363
0.563297
0.817224
0.756167
0.0337176
0.0421081
0.115367
0.107458
0.0421081
0.476497
0.448662
0.237363
0.107458
0.476497
0.400198
0.476497
0.107458
0.115367
0.0427149
0.125742
0.0546407
0.0427149
0.125742
0.0891852
0.448662
0.0891852
0.111573
0.237363
0.228213
0.125742
0.558731
0.228213
0.101048
0.0546407
0.0546407
0.817224
0.563297
0.115367
0.197973
0.115367
0.0337176
0.0792686
0.0337176
0.563297
0.558731
0.448662
0.0306479
0.0338412
0.168669
0.233928
0.00105232
0.0163647
0.168669
0.00105232
0.233928
0.136449
0.136449
0.0306479
0.0338412
0.0163647
0.873418
0.870082
0.595186
0.208963
0.90928
0.887916
0.887916
0.928406
0.189519
0.367141
0.854527
0.90928
0.595186
0.870082
0.854527
0.928406
0.873418
0.482471
Foot_R
252
------------------------------------------
0.0399923
0.243326
0.0403723
0.0757391
0.0403723
0.0757391
0.0403723
0.0565077
0.0302824
0.223206
0.0757391
0.0399923
0.0302824
0.223206
0.0399923
0.243833
0.0302824
0.0565077
0.0302824
0.802028
0.183429
0.183429
0.920731
0.223206
0.223206
0.898952
0.243326
0.243326
0.771787
0.151383
0.771787
0.0565077
0.151383
1
0.898952
0.920731
1
1
1
1
1
1
1
1
1
1
0.957285
1
0.892542
0.957285
0.957892
0.882549
0.910815
0.892542
0.882549
0.762637
0.888427
0.436703
0.243833
0.441269
1
1
1
1
0.957892
1
0.884633
0.957892
0.966282
0.523503
0.762637
0.599802
0.892542
0.599802
0.882549
0.523503
0.884633
0.436703
1
1
1
1
0.957285
0.945359
0.874258
0.957285
0.910815
0.874258
0.551338
0.441269
0.910815
0.762637
0.551338
0.771787
0.441269
0.243833
0.771787
0.945359
0.874258
1
0.945359
0.898952
1
1
1
0.182776
0.884633
0.802028
0.802028
0.966282
0.920731
1
0.966282
1
1
1
1
0.436703
0.551338
0.523503
1
1
1
0.0399923
0.0757391
0.243326
0.151383
0.0403723
0.0403723
0.0399923
0.0757391
0.0403723
0.0403723
0.151383
0.0565077
0.0565077
0.0302824
0.223206
0.243326
0.0757391
0.0302824
0.183429
0.183429
0.223206
0.243833
0.182776
0.0302824
0.0302824
0.182776
0.802028
0.183429
0.802028
0.920731
0.223206
0.920731
0.898952
0.243326
0.898952
0.771787
0.771787
0.243833
0.0565077
1
1
0.898952
1
1
1
1
1
1
1
1
1
1
0.957892
0.957285
0.892542
0.910815
0.957285
0.882549
0.888427
0.910815
0.882549
0.599802
0.762637
0.436703
0.182776
0.243833
1
1
1
1
0.966282
0.957892
0.884633
0.892542
0.957892
0.523503
0.551338
0.762637
0.892542
0.523503
0.599802
0.523503
0.892542
0.884633
1
1
1
1
1
0.957285
0.874258
0.945359
0.957285
0.874258
0.910815
0.551338
0.910815
0.888427
0.762637
0.771787
0.874258
0.441269
0.771787
0.898952
0.945359
1
1
0.945359
1
1
1
0.182776
0.436703
0.884633
0.802028
0.884633
0.966282
1
0.920731
0.966282
1
1
1
0.436703
0.441269
0.551338
1
1
1
